CreateDynamicObject(11111, 836.7105, -2097.7875, 8.6295, 6.2999, 0.0000, 0.0000);
CreateDynamicObject(19437, 829.9458, -2067.1337, 13.6206, 0.0000, 0.0000, 90.0000);
CreateDynamicObject(19437, 829.9458, -2044.9403, 17.1207, 0.0000, 0.0000, 90.0000);
CreateDynamicObject(980, 836.5172, -2044.9311, 14.6310, 0.0000, 0.0000, 0.0000);
CreateDynamicObject(19456, 848.5709, -2044.9317, 13.5970, 0.0000, 0.0000, 90.0000);
CreateDynamicObject(980, 836.5139, -2067.1450, 14.6310, 0.0000, 0.0000, 0.0000);
CreateDynamicObject(19437, 829.9458, -2067.1337, 17.1007, 0.0000, 0.0000, 90.0000);
CreateDynamicObject(19377, 826.3009, -2142.0307, 5.1806, 0.0000, 270.0000, 0.0000);
CreateDynamicObject(19425, 828.3732, -2127.6430, 5.3168, 0.0000, 0.0000, 0.0000);
CreateDynamicObject(19377, 836.7998, -2132.4138, 5.1806, 0.0000, 270.0000, 0.0000);
CreateDynamicObject(19377, 836.8009, -2142.0407, 5.1806, 0.0000, 270.0000, 0.0000);
CreateDynamicObject(19377, 847.3004, -2142.0207, 5.1806, 0.0000, 270.0000, 0.0000);
CreateDynamicObject(19377, 847.3004, -2132.4042, 5.1806, 0.0000, 270.0000, 0.0000);
CreateDynamicObject(640, 821.5689, -2130.6093, 5.9636, 0.0000, 0.0000, 0.0000);
CreateDynamicObject(970, 821.0764, -2130.6599, 5.8225, 0.0000, 0.0000, 90.0000);
CreateDynamicObject(640, 821.5689, -2135.9797, 5.9636, 0.0000, 0.0000, 0.0000);
CreateDynamicObject(640, 821.5689, -2141.3525, 5.9636, 0.0000, 0.0000, 0.0000);
CreateDynamicObject(640, 824.6392, -2144.3730, 5.9636, 0.0000, 0.0000, 90.0000);
CreateDynamicObject(640, 830.0097, -2144.3730, 5.9636, 0.0000, 0.0000, 90.0000);
CreateDynamicObject(640, 824.5891, -2128.2685, 5.9636, 0.0000, 0.0000, 270.0000);
CreateDynamicObject(970, 821.0764, -2135.8649, 5.8225, 0.0000, 0.0000, 90.0000);
CreateDynamicObject(970, 821.0764, -2141.3579, 5.8225, 0.0000, 0.0000, 90.0000);
CreateDynamicObject(970, 824.6571, -2144.8781, 5.8225, 0.0000, 0.0000, 0.0000);
CreateDynamicObject(970, 829.9483, -2144.8781, 5.8225, 0.0000, 0.0000, 0.0000);
CreateDynamicObject(19121, 821.5588, -2144.4025, 5.8133, 0.0000, 0.0000, 0.0000);
CreateDynamicObject(19087, 824.2772, -2132.0092, 5.2624, 0.0000, 90.0000, 0.0000);
CreateDynamicObject(19087, 826.7371, -2132.0092, 5.2624, 0.0000, 90.0000, 0.0000);
CreateDynamicObject(19087, 826.7371, -2135.1713, 5.2624, 0.0000, 90.0000, 0.0000);
CreateDynamicObject(19087, 824.2783, -2135.1713, 5.2624, 0.0000, 90.0000, 0.0000);
CreateDynamicObject(19087, 824.2783, -2138.4636, 5.2624, 0.0000, 90.0000, 0.0000);
CreateDynamicObject(19087, 826.7399, -2138.4636, 5.2624, 0.0000, 90.0000, 0.0000);
CreateDynamicObject(996, 841.3955, -2062.3352, 12.5975, 0.0000, 0.0000, 90.0000);
CreateDynamicObject(3262, 830.1610, -2044.8817, 11.6711, 0.0000, 0.0000, 180.0000);
CreateDynamicObject(10829, 846.0745, -2052.1572, 11.8387, 0.0000, 0.0000, 0.0000);
CreateDynamicObject(996, 841.3955, -2052.6437, 12.5975, 0.0000, 0.0000, 90.0000);
CreateDynamicObject(996, 831.4157, -2053.3222, 12.5975, 0.0000, 0.0000, 90.0000);
CreateDynamicObject(996, 831.4157, -2066.4104, 12.5975, 0.0000, 0.0000, 90.0000);
CreateDynamicObject(19456, 824.3300, -2044.9317, 17.0970, 0.0000, 0.0000, 90.0000);
CreateDynamicObject(19456, 824.3300, -2044.9317, 13.5970, 0.0000, 0.0000, 90.0000);
CreateDynamicObject(8615, 826.5609, -2045.9392, 14.3760, 0.0000, 0.0000, 0.0000);
CreateDynamicObject(19437, 829.9458, -2044.9403, 13.6206, 0.0000, 0.0000, 90.0000);
CreateDynamicObject(19456, 848.5709, -2044.9317, 17.0970, 0.0000, 0.0000, 90.0000);
CreateDynamicObject(19437, 842.9559, -2044.9403, 13.6206, 0.0000, 0.0000, 90.0000);
CreateDynamicObject(19437, 842.9559, -2044.9403, 17.1007, 0.0000, 0.0000, 90.0000);
CreateDynamicObject(19456, 824.3300, -2067.1342, 13.5970, 0.0000, 0.0000, 90.0000);
CreateDynamicObject(19456, 824.3300, -2067.1342, 17.0970, 0.0000, 0.0000, 90.0000);
CreateDynamicObject(19456, 848.5614, -2067.1342, 13.5970, 0.0000, 0.0000, 90.0000);
CreateDynamicObject(19456, 848.5614, -2067.1342, 17.0970, 0.0000, 0.0000, 90.0000);
CreateDynamicObject(19437, 842.9464, -2067.1337, 13.6206, 0.0000, 0.0000, 90.0000);
CreateDynamicObject(19437, 842.9464, -2067.1337, 17.1007, 0.0000, 0.0000, 90.0000);
CreateDynamicObject(3262, 842.6812, -2044.8817, 11.6711, 0.0000, 0.0000, 180.0000);
CreateDynamicObject(19087, 824.2783, -2141.2751, 5.2624, 0.0000, 90.0000, 0.0000);
CreateDynamicObject(2774, 827.5755, -2087.7373, -3.3545, 0.0000, 0.0000, 0.0000);
CreateDynamicObject(2774, 845.7465, -2087.7373, -3.3545, 0.0000, 0.0000, 0.0000);
CreateDynamicObject(2774, 845.7465, -2110.1259, -5.8446, 0.0000, 0.0000, 0.0000);
CreateDynamicObject(2774, 827.5249, -2110.1259, -5.8446, 0.0000, 0.0000, 0.0000);
CreateDynamicObject(2774, 821.7946, -2128.3566, -7.8846, 0.0000, 0.0000, 0.0000);
CreateDynamicObject(2774, 821.7946, -2146.9157, -7.8846, 0.0000, 0.0000, 0.0000);
CreateDynamicObject(2774, 851.7852, -2146.8757, -7.8846, 0.0000, 0.0000, 0.0000);
CreateDynamicObject(2774, 851.7852, -2128.3693, -7.8846, 0.0000, 0.0000, 0.0000);
CreateDynamicObject(970, 824.6571, -2127.7553, 5.8225, 0.0000, 0.0000, 0.0000);
CreateDynamicObject(640, 852.0629, -2130.5793, 5.9636, 0.0000, 0.0000, 180.0000);
CreateDynamicObject(19087, 826.7387, -2141.2751, 5.2624, 0.0000, 90.0000, 0.0000);
CreateDynamicObject(973, 846.5045, -2122.9672, 6.7357, 0.0000, -6.2999, 90.0000);
CreateDynamicObject(973, 846.5045, -2113.6445, 7.7649, 0.0000, -6.2999, 90.0000);
CreateDynamicObject(973, 846.5045, -2104.3220, 8.7943, 0.0000, -6.2999, 90.0000);
CreateDynamicObject(973, 846.5045, -2094.9992, 9.8235, 0.0000, -6.2999, 90.0000);
CreateDynamicObject(973, 846.5045, -2085.6762, 10.8528, 0.0000, -6.2999, 90.0000);
CreateDynamicObject(973, 846.5444, -2078.7575, 11.6166, 0.0000, -6.2999, 90.0000);
CreateDynamicObject(973, 846.5244, -2071.8503, 12.3793, 0.0000, -6.2999, 90.0000);
CreateDynamicObject(973, 826.8842, -2071.8503, 12.3793, 0.0000, 6.2999, 270.0000);
CreateDynamicObject(973, 826.8743, -2078.7792, 11.6143, 0.0000, 6.2999, 270.0000);
CreateDynamicObject(973, 826.8942, -2085.7065, 10.8495, 0.0000, 6.2999, 270.0000);
CreateDynamicObject(973, 826.8942, -2095.0288, 9.8203, 0.0000, 6.2999, 270.0000);
CreateDynamicObject(973, 826.8942, -2104.3425, 8.7920, 0.0000, 6.2999, 270.0000);
CreateDynamicObject(973, 826.8942, -2113.6542, 7.7638, 0.0000, 6.2999, 270.0000);
CreateDynamicObject(973, 826.8942, -2122.9841, 6.7335, 0.0000, 6.2999, 270.0000);
CreateDynamicObject(19377, 826.3009, -2132.4038, 5.1806, 0.0000, 270.0000, 0.0000);
CreateDynamicObject(19425, 830.0718, -2127.6430, 5.3067, 0.0000, 0.0000, 0.0000);
CreateDynamicObject(19425, 843.3743, -2127.6430, 5.3067, 0.0000, 0.0000, 0.0000);
CreateDynamicObject(19425, 844.9545, -2127.6430, 5.3168, 0.0000, 0.0000, 0.0000);
CreateDynamicObject(640, 848.9995, -2128.2685, 5.9636, 0.0000, 0.0000, 270.0000);
CreateDynamicObject(970, 848.9061, -2127.7553, 5.8225, 0.0000, 0.0000, 0.0000);
CreateDynamicObject(640, 852.0629, -2135.9484, 5.9636, 0.0000, 0.0000, 180.0000);
CreateDynamicObject(640, 852.0629, -2141.3198, 5.9636, 0.0000, 0.0000, 180.0000);
CreateDynamicObject(640, 849.0307, -2144.3730, 5.9636, 0.0000, 0.0000, 90.0000);
CreateDynamicObject(640, 843.6607, -2144.3730, 5.9636, 0.0000, 0.0000, 90.0000);
CreateDynamicObject(970, 852.5369, -2130.6599, 5.8225, 0.0000, 0.0000, 90.0000);
CreateDynamicObject(970, 852.5369, -2135.9331, 5.8225, 0.0000, 0.0000, 90.0000);
CreateDynamicObject(970, 852.5369, -2141.3054, 5.8225, 0.0000, 0.0000, 90.0000);
CreateDynamicObject(970, 849.0598, -2144.8781, 5.8225, 0.0000, 0.0000, 0.0000);
CreateDynamicObject(970, 843.6691, -2144.8781, 5.8225, 0.0000, 0.0000, 0.0000);
CreateDynamicObject(19121, 852.0791, -2144.4025, 5.8133, 0.0000, 0.0000, 0.0000);
CreateDynamicObject(19087, 851.7092, -2141.2751, 5.2624, 0.0000, 90.0000, 0.0000);
CreateDynamicObject(19087, 849.2490, -2141.2751, 5.2624, 0.0000, 90.0000, 0.0000);
CreateDynamicObject(19087, 851.7108, -2138.4636, 5.2624, 0.0000, 90.0000, 0.0000);
CreateDynamicObject(19087, 849.2507, -2138.4636, 5.2624, 0.0000, 90.0000, 0.0000);
CreateDynamicObject(19087, 851.7088, -2135.1713, 5.2624, 0.0000, 90.0000, 0.0000);
CreateDynamicObject(19087, 849.2586, -2135.1713, 5.2624, 0.0000, 90.0000, 0.0000);
CreateDynamicObject(19087, 851.7081, -2132.0092, 5.2624, 0.0000, 90.0000, 0.0000);
CreateDynamicObject(19087, 849.2482, -2132.0092, 5.2624, 0.0000, 90.0000, 0.0000);
CreateDynamicObject(19868, 850.0097, -2144.2229, 5.2321, 90.0000, 90.0000, 0.0000);
CreateDynamicObject(19868, 850.0097, -2139.0380, 5.2321, 90.0000, 90.0000, 0.0000);
CreateDynamicObject(19868, 850.0097, -2133.8654, 5.2321, 90.0000, 90.0000, 0.0000);
CreateDynamicObject(19868, 850.0097, -2130.3432, 5.2321, 90.0000, 90.0000, 0.0000);
CreateDynamicObject(19868, 849.6994, -2130.0329, 5.2321, 90.0000, 90.0000, 90.0000);
CreateDynamicObject(19868, 823.9667, -2130.0329, 5.2321, 90.0000, 90.0000, 90.0000);
CreateDynamicObject(19868, 823.5964, -2130.3232, 5.2321, 90.0000, 90.0000, 180.0000);
CreateDynamicObject(19868, 823.5964, -2135.4960, 5.2321, 90.0000, 90.0000, 180.0000);
CreateDynamicObject(19868, 823.5964, -2140.6599, 5.2321, 90.0000, 90.0000, 180.0000);
CreateDynamicObject(19868, 823.5964, -2144.1718, 5.2321, 90.0000, 90.0000, 180.0000);
CreateDynamicObject(19446, 846.1181, -2146.9213, 7.0200, 0.0000, 0.0000, 90.0000);
CreateDynamicObject(19446, 827.4686, -2146.9213, 7.0200, 0.0000, 0.0000, 90.0000);
CreateDynamicObject(19427, 832.8466, -2146.9208, 7.0229, 0.0000, 0.0000, 90.0000);
CreateDynamicObject(19427, 840.8384, -2146.9208, 7.0229, 0.0000, 0.0000, 90.0000);
CreateDynamicObject(19384, 836.8372, -2146.9238, 7.0248, 0.0000, 0.0000, 90.0000);
CreateDynamicObject(19427, 839.2378, -2146.9208, 7.0229, 0.0000, 0.0000, 90.0000);
CreateDynamicObject(19427, 834.4370, -2146.9208, 7.0229, 0.0000, 0.0000, 90.0000);
CreateDynamicObject(998, 852.4978, -2155.4240, 6.1980, 90.0000, 90.0000, 0.0000);
CreateDynamicObject(998, 821.1453, -2155.1337, 6.1980, 90.0000, 90.0000, 0.0000);
CreateDynamicObject(19428, 851.7448, -2148.5891, 5.1842, 0.0000, 90.0000, 90.0000);
CreateDynamicObject(19377, 836.8009, -2151.6550, 5.1806, 0.0000, 270.0000, 0.0000);
CreateDynamicObject(19377, 847.3012, -2151.6550, 5.1806, 0.0000, 270.0000, 0.0000);
CreateDynamicObject(19377, 826.3011, -2151.6550, 5.1806, 0.0000, 270.0000, 0.0000);
CreateDynamicObject(19428, 851.7448, -2152.0900, 5.1842, 0.0000, 90.0000, 90.0000);
CreateDynamicObject(19428, 821.8535, -2148.5871, 5.1842, 0.0000, 90.0000, 90.0000);
CreateDynamicObject(19428, 821.8535, -2152.0861, 5.1842, 0.0000, 90.0000, 90.0000);
CreateDynamicObject(19446, 850.8498, -2151.8249, 7.0200, 0.0000, 0.0000, 0.0000);
CreateDynamicObject(19446, 822.7291, -2151.8249, 7.0200, 0.0000, 0.0000, 0.0000);
CreateDynamicObject(19377, 836.8009, -2161.2846, 5.1806, 0.0000, 270.0000, 0.0000);
CreateDynamicObject(19377, 847.3005, -2161.2846, 5.1806, 0.0000, 270.0000, 0.0000);
CreateDynamicObject(19377, 826.3004, -2161.2846, 5.1806, 0.0000, 270.0000, 0.0000);
CreateDynamicObject(19428, 851.7448, -2155.5832, 5.1842, 0.0000, 90.0000, 90.0000);
CreateDynamicObject(19428, 851.7448, -2159.0754, 5.1842, 0.0000, 90.0000, 90.0000);
CreateDynamicObject(19428, 851.7448, -2162.5776, 5.1842, 0.0000, 90.0000, 90.0000);
CreateDynamicObject(19868, 850.0097, -2149.3969, 5.2321, 90.0000, 90.0000, 0.0000);
CreateDynamicObject(19868, 850.0097, -2154.5690, 5.2321, 90.0000, 90.0000, 0.0000);
CreateDynamicObject(19868, 850.0097, -2159.7414, 5.2321, 90.0000, 90.0000, 0.0000);
CreateDynamicObject(19868, 850.0097, -2164.9243, 5.2321, 90.0000, 90.0000, 0.0000);
CreateDynamicObject(998, 852.4978, -2166.3503, 6.1980, 90.0000, 90.0000, 0.0000);
CreateDynamicObject(19446, 850.8498, -2161.4543, 7.0200, 0.0000, 0.0000, 0.0000);
CreateDynamicObject(19428, 851.7448, -2166.0791, 5.1842, 0.0000, 90.0000, 90.0000);
CreateDynamicObject(19428, 849.1945, -2167.0200, 5.1842, 0.0000, 90.0000, 0.0000);
CreateDynamicObject(19428, 845.6940, -2167.0200, 5.1842, 0.0000, 90.0000, 0.0000);
CreateDynamicObject(19428, 842.1936, -2167.0200, 5.1842, 0.0000, 90.0000, 0.0000);
CreateDynamicObject(19428, 831.7036, -2167.0200, 5.1842, 0.0000, 90.0000, 0.0000);
CreateDynamicObject(19428, 838.6938, -2167.0200, 5.1842, 0.0000, 90.0000, 0.0000);
CreateDynamicObject(19428, 835.2037, -2167.0200, 5.1842, 0.0000, 90.0000, 0.0000);
CreateDynamicObject(19428, 828.2037, -2167.0200, 5.1842, 0.0000, 90.0000, 0.0000);
CreateDynamicObject(19428, 824.7045, -2167.0200, 5.1842, 0.0000, 90.0000, 0.0000);
CreateDynamicObject(19428, 821.8535, -2155.5876, 5.1842, 0.0000, 90.0000, 90.0000);
CreateDynamicObject(19428, 821.8551, -2166.0710, 5.1842, 0.0000, 90.0000, 90.0000);
CreateDynamicObject(19428, 821.8535, -2159.0676, 5.1842, 0.0000, 90.0000, 90.0000);
CreateDynamicObject(19428, 821.8535, -2162.5700, 5.1842, 0.0000, 90.0000, 90.0000);
CreateDynamicObject(19425, 822.8446, -2166.1774, 5.2612, 180.0000, 0.0000, 90.0000);
CreateDynamicObject(19446, 822.7291, -2161.4511, 7.0200, 0.0000, 0.0000, 0.0000);
CreateDynamicObject(19446, 827.6395, -2166.1743, 7.0200, 0.0000, 0.0000, 90.0000);
CreateDynamicObject(19425, 850.1055, -2166.2531, 6.1416, 0.0000, 90.0000, 90.0000);
CreateDynamicObject(19446, 837.2687, -2166.1743, 7.0200, 0.0000, 0.0000, 90.0000);
CreateDynamicObject(19354, 843.6931, -2166.1662, 7.0272, 0.0000, 0.0000, 90.0000);
CreateDynamicObject(19354, 846.9030, -2166.1662, 7.0272, 0.0000, 0.0000, 90.0000);
CreateDynamicObject(19427, 849.3089, -2166.1728, 7.0229, 0.0000, 0.0000, 90.0000);
CreateDynamicObject(19425, 850.6356, -2166.2531, 6.1416, 0.0000, 90.0000, 90.0000);
CreateDynamicObject(19328, 850.2594, -2166.0937, 7.7273, 0.0000, 0.0000, 180.0000);
CreateDynamicObject(19425, 849.9649, -2166.0930, 6.1416, 0.0000, 90.0000, 270.0000);
CreateDynamicObject(19328, 850.2594, -2166.2639, 7.7273, 0.0000, 0.0000, 0.0000);
CreateDynamicObject(19425, 850.4954, -2166.0930, 6.1416, 0.0000, 90.0000, 270.0000);
CreateDynamicObject(998, 842.8083, -2167.7114, 6.1980, 90.0000, 0.0000, 0.0000);
CreateDynamicObject(998, 832.3890, -2167.7114, 6.1980, 90.0000, 0.0000, 0.0000);
CreateDynamicObject(998, 821.9183, -2167.7114, 6.1980, 90.0000, 0.0000, 0.0000);
CreateDynamicObject(948, 835.3497, -2147.2934, 5.2656, 0.0000, 0.0000, 0.0000);
CreateDynamicObject(19868, 849.9096, -2165.2946, 5.2321, 90.0000, 0.0000, 0.0000);
CreateDynamicObject(19868, 844.7392, -2165.2946, 5.2321, 90.0000, 0.0000, 0.0000);
CreateDynamicObject(19868, 839.5692, -2165.2946, 5.2321, 90.0000, 0.0000, 0.0000);
CreateDynamicObject(19868, 834.3990, -2165.2946, 5.2321, 90.0000, 0.0000, 0.0000);
CreateDynamicObject(19868, 829.2285, -2165.2946, 5.2321, 90.0000, 0.0000, 0.0000);
CreateDynamicObject(19868, 824.0479, -2165.2946, 5.2321, 90.0000, 0.0000, 0.0000);
CreateDynamicObject(19868, 823.5964, -2149.3439, 5.2321, 90.0000, 90.0000, 180.0000);
CreateDynamicObject(19868, 823.5964, -2154.5156, 5.2321, 90.0000, 90.0000, 180.0000);
CreateDynamicObject(19868, 823.5964, -2159.6872, 5.2321, 90.0000, 90.0000, 180.0000);
CreateDynamicObject(19868, 823.5964, -2164.8706, 5.2321, 90.0000, 90.0000, 180.0000);
CreateDynamicObject(998, 821.1453, -2166.2355, 6.1980, 90.0000, 90.0000, 0.0000);
CreateDynamicObject(2774, 821.7946, -2167.0769, -7.8846, 0.0000, 0.0000, 0.0000);
CreateDynamicObject(2774, 851.7648, -2167.0769, -7.8846, 0.0000, 0.0000, 0.0000);
CreateDynamicObject(948, 838.2401, -2147.2934, 5.2656, 0.0000, 0.0000, 0.0000);
CreateDynamicObject(2833, 836.3059, -2148.3029, 5.2649, 0.0000, 0.0000, 0.0000);
CreateDynamicObject(1703, 839.1195, -2147.5219, 5.2671, 0.0000, 0.0000, 0.0000);
CreateDynamicObject(1703, 832.4585, -2147.5219, 5.2671, 0.0000, 0.0000, 0.0000);
CreateDynamicObject(2725, 831.7164, -2147.4633, 5.6735, 0.0000, 0.0000, 0.0000);
CreateDynamicObject(1670, 831.7183, -2147.4438, 6.1245, 0.0000, 0.0000, -119.3999);
CreateDynamicObject(2725, 841.9267, -2147.4633, 5.6735, 0.0000, 0.0000, 0.0000);
CreateDynamicObject(19446, 843.7699, -2161.2617, 7.0200, 0.0000, 0.0000, 0.0000);
CreateDynamicObject(19354, 849.1634, -2154.2739, 7.0272, 0.0000, 0.0000, 90.0000);
CreateDynamicObject(19384, 844.8749, -2155.3762, 7.0248, 0.0000, 0.0000, -45.0000);
CreateDynamicObject(19427, 846.7595, -2154.2702, 7.0229, 0.0000, 0.0000, 90.0000);
CreateDynamicObject(19427, 850.2603, -2147.5092, 7.0229, 0.0000, 0.0000, 45.0000);
CreateDynamicObject(19929, 850.3289, -2149.9733, 5.2698, 0.0000, 0.0000, 0.0000);
CreateDynamicObject(19929, 850.3289, -2152.8242, 5.2698, 0.0000, 0.0000, 0.0000);
CreateDynamicObject(19930, 849.0264, -2147.4570, 5.2679, 0.0000, 0.0000, 90.0000);
CreateDynamicObject(19927, 847.4739, -2147.4514, 5.2677, 0.0000, 0.0000, 90.0000);
CreateDynamicObject(19930, 845.9266, -2147.4570, 5.2679, 0.0000, 0.0000, 90.0000);
CreateDynamicObject(19925, 844.9048, -2147.4641, 5.2720, 0.0000, 0.0000, 0.0000);
CreateDynamicObject(19916, 850.2499, -2148.3271, 5.3604, 0.0000, 0.0000, 270.0000);
CreateDynamicObject(19830, 850.3796, -2149.1293, 6.1919, 0.0000, 0.0000, 290.0000);
CreateDynamicObject(19825, 850.2020, -2147.6159, 8.1134, 0.0000, 0.0000, -45.0000);
CreateDynamicObject(19818, 847.0856, -2147.6450, 6.3794, 0.0000, 180.0000, 0.0000);
CreateDynamicObject(19818, 846.9155, -2147.6450, 6.3794, 0.0000, 180.0000, 0.0000);
CreateDynamicObject(19818, 846.7453, -2147.6450, 6.3794, 0.0000, 180.0000, 0.0000);
CreateDynamicObject(19818, 846.7453, -2147.4548, 6.3794, 0.0000, 180.0000, 0.0000);
CreateDynamicObject(19818, 846.7453, -2147.2746, 6.3794, 0.0000, 180.0000, 0.0000);
CreateDynamicObject(19818, 846.9155, -2147.2746, 6.3794, 0.0000, 180.0000, 0.0000);
CreateDynamicObject(19818, 847.0856, -2147.2746, 6.3794, 0.0000, 180.0000, 0.0000);
CreateDynamicObject(19818, 847.0856, -2147.4548, 6.3794, 0.0000, 180.0000, 0.0000);
CreateDynamicObject(19818, 846.9155, -2147.4548, 6.3794, 0.0000, 180.0000, 0.0000);
CreateDynamicObject(19587, 850.2493, -2150.5805, 6.2039, 0.0000, 0.0000, 90.0000);
CreateDynamicObject(19563, 850.3884, -2149.5427, 6.1909, 0.0000, 0.0000, -112.3000);
CreateDynamicObject(19562, 849.1177, -2147.3632, 6.1922, 0.0000, 0.0000, -29.9000);
CreateDynamicObject(2453, 850.2222, -2153.7307, 6.5655, 0.0000, 0.0000, 0.0000);
CreateDynamicObject(2839, 850.2677, -2152.5476, 6.1949, 0.0000, 0.0000, -107.7999);
CreateDynamicObject(956, 843.3073, -2147.5668, 5.6717, 0.0000, 0.0000, 0.0000);
CreateDynamicObject(19172, 850.6422, -2151.2800, 7.6280, 0.0000, 0.0000, 270.0000);
CreateDynamicObject(2261, 848.9212, -2153.6843, 6.9784, 0.0000, 0.0000, 180.0000);
CreateDynamicObject(2262, 847.3061, -2153.6989, 7.0279, 0.0000, 0.0000, 180.0000);
CreateDynamicObject(19377, 827.8919, -2161.4482, 8.8188, 0.0000, 90.0000, 0.0000);
CreateDynamicObject(19377, 827.8919, -2151.8156, 8.8188, 0.0000, 90.0000, 0.0000);
CreateDynamicObject(19377, 838.3912, -2151.8156, 8.8188, 0.0000, 90.0000, 0.0000);
CreateDynamicObject(19377, 838.3912, -2161.4458, 8.8188, 0.0000, 90.0000, 0.0000);
CreateDynamicObject(19449, 845.3922, -2161.4392, 8.8342, 0.0000, 90.0000, 0.0000);
CreateDynamicObject(19449, 845.3922, -2151.8093, 8.8342, 0.0000, 90.0000, 0.0000);
CreateDynamicObject(19449, 848.8922, -2151.8093, 8.8342, 0.0000, 90.0000, 0.0000);
CreateDynamicObject(19449, 848.8922, -2161.4426, 8.8342, 0.0000, 90.0000, 0.0000);
CreateDynamicObject(19446, 850.7397, -2161.4543, 7.0200, 0.0000, 0.0000, 0.0000);
CreateDynamicObject(2921, 822.8574, -2146.8217, 8.6734, 0.0000, 0.0000, 270.0000);
CreateDynamicObject(19446, 850.7197, -2151.8249, 7.0200, 0.0000, 0.0000, 0.0000);
CreateDynamicObject(1622, 850.6272, -2146.4323, 9.4946, 0.0000, 0.0000, 270.0000);
CreateDynamicObject(1231, 821.4150, -2145.0378, 8.0195, 0.0000, 0.0000, 90.0000);
CreateDynamicObject(1231, 852.2080, -2145.0378, 8.0195, 0.0000, 0.0000, 90.0000);
CreateDynamicObject(2238, 841.9294, -2147.4296, 6.5186, 0.0000, 0.0000, 0.0000);
CreateDynamicObject(2345, 835.1150, -2146.8017, 8.5747, 0.0000, 0.0000, 180.0000);
CreateDynamicObject(2345, 836.8555, -2146.8017, 8.5747, 0.0000, 0.0000, 180.0000);
CreateDynamicObject(2345, 838.6257, -2146.8017, 8.5747, 0.0000, 0.0000, 180.0000);
CreateDynamicObject(3811, 829.0386, -2146.4758, 7.8057, 0.0000, 0.0000, 90.0000);
CreateDynamicObject(3811, 845.1108, -2146.4758, 7.8057, 0.0000, 0.0000, 90.0000);
CreateDynamicObject(19124, 822.8344, -2147.2138, 9.4556, 0.0000, 0.0000, 0.0000);
CreateDynamicObject(14877, 824.6252, -2146.1560, 6.7990, 0.0000, 0.0000, 270.0000);
CreateDynamicObject(19124, 822.8344, -2166.1154, 9.4556, 0.0000, 0.0000, 0.0000);
CreateDynamicObject(19124, 850.4456, -2166.1154, 9.4556, 0.0000, 0.0000, 0.0000);
CreateDynamicObject(19124, 850.4456, -2147.1699, 9.4556, 0.0000, 0.0000, 0.0000);
CreateDynamicObject(3928, 843.5362, -2156.4020, 8.9354, 0.0000, 0.0000, 90.0000);
CreateDynamicObject(3928, 829.4765, -2156.4020, 8.9354, 0.0000, 0.0000, 90.0000);
CreateDynamicObject(1318, 843.6517, -2151.2983, 8.9521, 0.0000, 90.0000, 270.0000);
CreateDynamicObject(14446, 848.9106, -2163.0585, 5.8484, 0.0000, 0.0000, 270.0000);
CreateDynamicObject(2774, 836.8352, -2167.0769, -7.8846, 0.0000, 0.0000, 0.0000);
CreateDynamicObject(1318, 829.6412, -2151.3088, 8.9521, 0.0000, 90.0000, 270.0000);
CreateDynamicObject(1318, 829.6412, -2161.9433, 8.9521, 0.0000, 90.0000, 270.0000);
CreateDynamicObject(1318, 843.6314, -2161.9433, 8.9521, 0.0000, 90.0000, 270.0000);
CreateDynamicObject(2774, 836.8352, -2146.4450, -7.8846, 0.0000, 0.0000, 0.0000);
CreateDynamicObject(2774, 836.8352, -2128.0339, -7.8846, 0.0000, 0.0000, 0.0000);
CreateDynamicObject(19354, 847.5227, -2155.9643, 7.0272, 0.0000, 0.0000, 0.0000);
CreateDynamicObject(19384, 849.0454, -2157.6584, 7.0248, 0.0000, 0.0000, 90.0000);
CreateDynamicObject(19786, 843.8565, -2163.0441, 7.8342, 0.0000, 0.0000, 90.0000);
CreateDynamicObject(2246, 844.3302, -2160.9304, 5.6711, 0.0000, 0.0000, 0.0000);
CreateDynamicObject(2246, 844.3302, -2165.3347, 5.6711, 0.0000, 0.0000, 0.0000);
CreateDynamicObject(2249, 844.3265, -2165.4426, 6.2917, 0.0000, 0.0000, 90.0000);
CreateDynamicObject(2249, 844.3265, -2161.0205, 6.2917, 0.0000, 0.0000, 90.0000);
CreateDynamicObject(2230, 843.8224, -2164.0463, 5.2702, 0.0000, 0.0000, 90.0000);
CreateDynamicObject(2230, 843.8224, -2161.4538, 5.2702, 0.0000, 0.0000, 90.0000);
CreateDynamicObject(2339, 850.1520, -2165.4594, 5.2716, 0.0000, 0.0000, 270.0000);
CreateDynamicObject(2339, 850.1520, -2160.5549, 5.2716, 0.0000, 0.0000, 270.0000);
CreateDynamicObject(2099, 846.6271, -2154.3674, 5.2743, 0.0000, 0.0000, 0.0000);
CreateDynamicObject(2108, 850.2521, -2158.1110, 5.2738, 0.0000, 0.0000, 0.0000);
CreateDynamicObject(2372, 850.3114, -2156.5800, 5.2741, 0.0000, 0.0000, 0.0000);
CreateDynamicObject(19174, 850.6591, -2163.0231, 7.7142, 0.0000, 0.0000, 270.0000);
CreateDynamicObject(2394, 850.1040, -2155.9819, 5.9910, 0.0000, 0.0000, 90.0000);
CreateDynamicObject(2372, 848.2210, -2156.5800, 5.2741, 0.0000, 0.0000, 0.0000);
CreateDynamicObject(2394, 848.0239, -2155.9819, 5.9910, 0.0000, 0.0000, 90.0000);
CreateDynamicObject(2846, 848.7726, -2155.7622, 5.2685, 0.0000, 0.0000, 30.8999);
CreateDynamicObject(2843, 848.6964, -2156.9321, 5.2726, 0.0000, 0.0000, 0.0000);
CreateDynamicObject(2390, 849.0451, -2154.6140, 6.2571, 0.0000, 0.0000, 0.0000);
CreateDynamicObject(1828, 845.7673, -2162.9299, 5.2512, 0.0000, 0.0000, 90.0000);
CreateDynamicObject(19384, 842.6041, -2155.2700, 7.0248, 0.0000, 0.0000, 45.0000);
CreateDynamicObject(19354, 839.9230, -2154.1638, 7.0272, 0.0000, 0.0000, 90.0000);
CreateDynamicObject(19354, 836.7125, -2154.1638, 7.0272, 0.0000, 0.0000, 90.0000);
CreateDynamicObject(2108, 843.7730, -2155.9399, 5.2738, 0.0000, 0.0000, 0.0000);
CreateDynamicObject(19446, 835.1882, -2160.6811, 7.0200, 0.0000, 0.0000, 0.0000);
CreateDynamicObject(19427, 835.1870, -2155.0600, 7.0229, 0.0000, 0.0000, 0.0000);
CreateDynamicObject(19384, 842.0765, -2160.5900, 7.0248, 0.0000, 0.0000, 90.0000);
CreateDynamicObject(19384, 840.3854, -2155.8688, 7.0248, 0.0000, 0.0000, 0.0000);
CreateDynamicObject(19354, 840.3832, -2159.0771, 7.0272, 0.0000, 0.0000, 0.0000);
CreateDynamicObject(19354, 838.6933, -2160.5981, 7.0272, 0.0000, 0.0000, 90.0000);
CreateDynamicObject(19427, 836.2877, -2160.6005, 7.0229, 0.0000, 0.0000, 90.0000);
CreateDynamicObject(19425, 835.2600, -2165.8151, 6.9102, 0.0000, 90.0000, 180.0000);
CreateDynamicObject(19425, 835.2600, -2165.2846, 6.9102, 0.0000, 90.0000, 180.0000);
CreateDynamicObject(2667, 835.2427, -2165.5351, 8.0676, 0.0000, 0.0000, 270.0000);
CreateDynamicObject(2667, 835.1326, -2165.5551, 8.0676, 0.0000, 0.0000, 90.0000);
CreateDynamicObject(2667, 835.1326, -2165.5551, 6.7776, 0.0000, 0.0000, 90.0000);
CreateDynamicObject(2667, 835.1426, -2165.5551, 5.8976, 0.0000, 0.0000, 90.0000);
CreateDynamicObject(19425, 835.5396, -2160.6713, 6.9102, 0.0000, 90.0000, 90.0000);
CreateDynamicObject(19425, 835.5396, -2160.5212, 7.0802, 0.0000, 90.0000, 270.0000);
CreateDynamicObject(2184, 837.8437, -2164.4677, 5.2664, 0.0000, 0.0000, 90.0000);
CreateDynamicObject(1714, 835.6015, -2163.4172, 5.2675, 0.0000, 0.0000, 90.0000);
CreateDynamicObject(1708, 839.5249, -2161.7241, 5.2606, 0.0000, 0.0000, -70.7000);
CreateDynamicObject(1708, 839.8546, -2164.2827, 5.2606, 0.0000, 0.0000, -110.1999);
CreateDynamicObject(19893, 837.0844, -2163.8657, 6.0460, 0.0000, 0.0000, -110.1999);
CreateDynamicObject(2200, 843.5201, -2164.3144, 5.2629, 0.0000, 0.0000, 270.0000);
CreateDynamicObject(19807, 837.1077, -2163.0632, 6.1167, 0.0000, 0.0000, -69.4999);
CreateDynamicObject(2164, 843.6504, -2162.5515, 5.2511, 0.0000, 0.0000, 270.0000);
CreateDynamicObject(1808, 843.4899, -2161.3671, 5.2594, 0.0000, 0.0000, 270.0000);
CreateDynamicObject(19786, 837.8370, -2160.6813, 7.8586, 0.0000, 0.0000, 0.0000);
CreateDynamicObject(19175, 835.2747, -2163.4167, 7.6836, 0.0000, 0.0000, 90.0000);
CreateDynamicObject(19825, 843.6535, -2163.4196, 8.1550, 0.0000, 0.0000, 270.0000);
CreateDynamicObject(19814, 840.9398, -2160.6689, 5.6067, 0.0000, 0.0000, 0.0000);
CreateDynamicObject(2528, 839.7910, -2158.5891, 5.2734, 0.0000, 0.0000, 270.0000);
CreateDynamicObject(11707, 840.2276, -2159.6948, 6.2280, 0.0000, 0.0000, 270.0000);
CreateDynamicObject(19873, 840.2111, -2159.3266, 6.2355, 0.0000, 90.0000, 90.0000);
CreateDynamicObject(2336, 837.5438, -2159.9912, 5.2716, 0.0000, 0.0000, 180.0000);
CreateDynamicObject(19172, 837.0383, -2160.5207, 7.2960, 0.0000, 0.0000, 180.0000);
CreateDynamicObject(2526, 835.7455, -2154.7124, 5.2738, 0.0000, 0.0000, 270.0000);
CreateDynamicObject(2517, 836.7832, -2157.0556, 5.2555, 0.0000, 0.0000, 90.0000);
CreateDynamicObject(2841, 836.5549, -2159.5979, 5.2646, 0.0000, 0.0000, 0.0000);
CreateDynamicObject(19446, 827.6395, -2159.6198, 7.0200, 0.0000, 0.0000, 90.0000);
CreateDynamicObject(19384, 833.5159, -2159.6291, 7.0248, 0.0000, 0.0000, 90.0000);
CreateDynamicObject(2627, 831.4775, -2160.9123, 5.2659, 0.0000, 0.0000, 0.0000);
CreateDynamicObject(2627, 830.2372, -2160.9123, 5.2659, 0.0000, 0.0000, 0.0000);
CreateDynamicObject(2628, 828.1748, -2160.6284, 5.2584, 0.0000, 0.0000, 0.0000);
CreateDynamicObject(2629, 826.4373, -2160.6633, 5.2661, 0.0000, 0.0000, 0.0000);
CreateDynamicObject(2630, 834.1210, -2165.2841, 5.2534, 0.0000, 0.0000, 0.0000);
CreateDynamicObject(2630, 832.7712, -2165.2841, 5.2534, 0.0000, 0.0000, 0.0000);
CreateDynamicObject(1985, 830.0151, -2165.1757, 8.7359, 0.0000, 0.0000, 0.0000);
CreateDynamicObject(2295, 824.3726, -2160.3266, 5.2597, 0.0000, 0.0000, 0.0000);
CreateDynamicObject(2295, 823.3118, -2161.6379, 5.2597, 0.0000, 0.0000, 90.0000);
CreateDynamicObject(11729, 823.0714, -2163.2382, 5.2680, 0.0000, 0.0000, 90.0000);
CreateDynamicObject(11730, 823.0731, -2163.8977, 5.2679, 0.0000, 0.0000, 90.0000);
CreateDynamicObject(11729, 823.0714, -2164.5695, 5.2680, 0.0000, 0.0000, 90.0000);
CreateDynamicObject(11729, 823.0714, -2165.2302, 5.2680, 0.0000, 0.0000, 90.0000);
CreateDynamicObject(3071, 825.5098, -2165.3764, 5.4585, 0.0000, 90.0000, 0.0000);
CreateDynamicObject(3071, 826.2305, -2165.3764, 5.4585, 0.0000, 90.0000, 0.0000);
CreateDynamicObject(2913, 825.9995, -2160.1274, 6.2570, 0.0000, 90.0000, 0.0000);
CreateDynamicObject(1491, 832.7290, -2159.6242, 5.2729, 0.0000, 0.0000, 0.0000);
CreateDynamicObject(1502, 841.2855, -2160.6145, 5.2639, 0.0000, 0.0000, 0.0000);
CreateDynamicObject(1502, 840.3551, -2155.0808, 5.2639, 0.0000, 0.0000, 270.0000);
CreateDynamicObject(1502, 845.4183, -2154.8125, 5.2639, 0.0000, 0.0000, 225.0000);
CreateDynamicObject(1502, 843.1623, -2155.7814, 5.2639, 0.0000, 0.0000, 135.0000);
CreateDynamicObject(19384, 832.3663, -2156.3186, 7.0248, 0.0000, 0.0000, 0.0000);
CreateDynamicObject(19427, 832.3666, -2158.7194, 7.0229, 0.0000, 0.0000, 0.0000);
CreateDynamicObject(19446, 827.6395, -2154.6267, 7.0200, 0.0000, 0.0000, 90.0000);
CreateDynamicObject(1745, 826.3180, -2157.6625, 5.2680, 0.0000, 0.0000, 90.0000);
CreateDynamicObject(2339, 823.3112, -2158.7634, 5.2716, 0.0000, 0.0000, 90.0000);
CreateDynamicObject(2339, 823.3112, -2155.4611, 5.2716, 0.0000, 0.0000, 90.0000);
CreateDynamicObject(2131, 827.0491, -2155.2194, 5.2678, 0.0000, 0.0000, 0.0000);
CreateDynamicObject(2131, 829.0491, -2155.2194, 5.2678, 0.0000, 0.0000, 0.0000);
CreateDynamicObject(2847, 829.0503, -2156.4313, 5.2611, 0.0000, 0.0000, 0.0000);
CreateDynamicObject(2847, 827.0504, -2156.4313, 5.2611, 0.0000, 0.0000, 0.0000);
CreateDynamicObject(19786, 832.2755, -2158.3476, 7.7743, 0.0000, 0.0000, 270.0000);
CreateDynamicObject(2238, 823.0856, -2155.6831, 6.7341, 0.0000, 0.0000, 0.0000);
CreateDynamicObject(2894, 823.1571, -2158.7260, 6.3177, 0.0000, 0.0000, 90.0000);
CreateDynamicObject(1516, 831.6779, -2158.9616, 5.4520, 0.0000, 0.0000, 0.0000);
CreateDynamicObject(1670, 831.6300, -2158.9213, 5.9976, 0.0000, 0.0000, 0.0000);
CreateDynamicObject(1502, 832.3543, -2155.5312, 5.2639, 0.0000, 0.0000, 270.0000);
CreateDynamicObject(1753, 824.1958, -2147.4746, 5.2648, 0.0000, 0.0000, 0.0000);
CreateDynamicObject(1753, 823.3051, -2150.3974, 5.2648, 0.0000, 0.0000, 90.0000);
CreateDynamicObject(1753, 826.2457, -2151.2783, 5.2648, 0.0000, 0.0000, 180.0000);
CreateDynamicObject(1827, 825.2050, -2149.4052, 5.2790, 0.0000, 0.0000, 0.0000);
CreateDynamicObject(2779, 823.3222, -2154.0097, 5.2594, 0.0000, 0.0000, 90.0000);
CreateDynamicObject(2779, 823.3222, -2153.2290, 5.2594, 0.0000, 0.0000, 90.0000);
CreateDynamicObject(2779, 823.3222, -2152.4482, 5.2594, 0.0000, 0.0000, 90.0000);
CreateDynamicObject(19786, 822.8171, -2149.3874, 7.7615, 0.0000, 0.0000, 90.0000);
CreateDynamicObject(19175, 825.2458, -2146.9990, 7.5719, 0.0000, 0.0000, 0.0000);
CreateDynamicObject(3935, 827.9545, -2128.6682, 7.7833, 0.0000, 0.0000, 0.0000);
CreateDynamicObject(3935, 845.6761, -2128.6682, 7.7833, 0.0000, 0.0000, 0.0000);
CreateDynamicObject(1753, 827.0751, -2147.4746, 5.2648, 0.0000, 0.0000, 0.0000);
CreateDynamicObject(956, 830.4660, -2147.5668, 5.6717, 0.0000, 0.0000, 0.0000);
CreateDynamicObject(2230, 828.3847, -2154.4936, 5.2667, 0.0000, 0.0000, 180.0000);
CreateDynamicObject(2230, 830.4353, -2154.4936, 5.2667, 0.0000, 0.0000, 180.0000);
CreateDynamicObject(2099, 829.8363, -2154.4575, 5.2743, 0.0000, 0.0000, 180.0000);